(kicad_pcb (version 20171130) (host pcbnew "(5.1.8)-1")

  (general
    (thickness 1)
    (drawings 16)
    (tracks 105)
    (zones 0)
    (modules 26)
    (nets 13)
  )

  (page A4)
  (layers
    (0 F.Cu signal)
    (31 B.Cu signal)
    (32 B.Adhes user)
    (33 F.Adhes user)
    (34 B.Paste user)
    (35 F.Paste user)
    (36 B.SilkS user)
    (37 F.SilkS user)
    (38 B.Mask user)
    (39 F.Mask user)
    (40 Dwgs.User user)
    (41 Cmts.User user)
    (42 Eco1.User user)
    (43 Eco2.User user)
    (44 Edge.Cuts user)
    (45 Margin user)
    (46 B.CrtYd user)
    (47 F.CrtYd user)
    (48 B.Fab user hide)
    (49 F.Fab user hide)
  )

  (setup
    (last_trace_width 0.1524)
    (trace_clearance 0.1524)
    (zone_clearance 0.1524)
    (zone_45_only no)
    (trace_min 0.1524)
    (via_size 0.508)
    (via_drill 0.3048)
    (via_min_size 0.4572)
    (via_min_drill 0.3048)
    (uvia_size 0.3)
    (uvia_drill 0.1)
    (uvias_allowed no)
    (uvia_min_size 0.2)
    (uvia_min_drill 0.1)
    (edge_width 0.05)
    (segment_width 0.2)
    (pcb_text_width 0.3)
    (pcb_text_size 1.5 1.5)
    (mod_edge_width 0.12)
    (mod_text_size 1 1)
    (mod_text_width 0.15)
    (pad_size 1.524 1.524)
    (pad_drill 0.762)
    (pad_to_mask_clearance 0)
    (aux_axis_origin 0 0)
    (visible_elements 7FFFFF7F)
    (pcbplotparams
      (layerselection 0x010fc_ffffffff)
      (usegerberextensions false)
      (usegerberattributes true)
      (usegerberadvancedattributes true)
      (creategerberjobfile true)
      (excludeedgelayer true)
      (linewidth 0.100000)
      (plotframeref false)
      (viasonmask false)
      (mode 1)
      (useauxorigin false)
      (hpglpennumber 1)
      (hpglpenspeed 20)
      (hpglpendiameter 15.000000)
      (psnegative false)
      (psa4output false)
      (plotreference true)
      (plotvalue true)
      (plotinvisibletext false)
      (padsonsilk false)
      (subtractmaskfromsilk false)
      (outputformat 1)
      (mirror false)
      (drillshape 0)
      (scaleselection 1)
      (outputdirectory "Gerber/"))
  )

  (net 0 "")
  (net 1 +3V3)
  (net 2 GND)
  (net 3 "Net-(C3-Pad2)")
  (net 4 /CMOUT)
  (net 5 /Temp_A)
  (net 6 /A1)
  (net 7 /MOSI)
  (net 8 /SCLK)
  (net 9 /SPICS)
  (net 10 "Net-(IC1-Pad9)")
  (net 11 /A0)
  (net 12 /Thermistor)

  (net_class Default "This is the default net class."
    (clearance 0.1524)
    (trace_width 0.1524)
    (via_dia 0.508)
    (via_drill 0.3048)
    (uvia_dia 0.3)
    (uvia_drill 0.1)
    (add_net +3V3)
    (add_net /A0)
    (add_net /A1)
    (add_net /CMOUT)
    (add_net /MOSI)
    (add_net /SCLK)
    (add_net /SPICS)
    (add_net /Temp_A)
    (add_net /Thermistor)
    (add_net GND)
    (add_net "Net-(C3-Pad2)")
    (add_net "Net-(IC1-Pad9)")
  )

  (module Mylib:1_pin_SMD_1.5mmx1.0mm (layer B.Cu) (tedit 5ED9084F) (tstamp 613F03F6)
    (at 109.94 73.16)
    (path /6147BDBE)
    (fp_text reference J12 (at 0 -0.5) (layer B.SilkS) hide
      (effects (font (size 1 1) (thickness 0.15)) (justify mirror))
    )
    (fp_text value 1_PIN (at 0 0.5) (layer B.Fab)
      (effects (font (size 1 1) (thickness 0.15)) (justify mirror))
    )
    (pad 1 smd rect (at 0 -1.994) (size 1.5 1) (layers B.Cu B.Paste B.Mask)
      (net 7 /MOSI))
  )

  (module Mylib:1_pin_SMD_1.5mmx1.0mm (layer B.Cu) (tedit 5ED9084F) (tstamp 613F03F1)
    (at 109.94 71.74)
    (path /6147B7F6)
    (fp_text reference J11 (at 0 -0.5) (layer B.SilkS) hide
      (effects (font (size 1 1) (thickness 0.15)) (justify mirror))
    )
    (fp_text value 1_PIN (at 0 0.5) (layer B.Fab)
      (effects (font (size 1 1) (thickness 0.15)) (justify mirror))
    )
    (pad 1 smd rect (at 0 -1.998) (size 1.5 1) (layers B.Cu B.Paste B.Mask)
      (net 8 /SCLK))
  )

  (module Mylib:1_pin_SMD_1.5mmx1.0mm (layer B.Cu) (tedit 5ED9084F) (tstamp 613F03EC)
    (at 109.94 68.86)
    (path /6147A2B4)
    (fp_text reference J10 (at 0 -0.5) (layer B.SilkS) hide
      (effects (font (size 1 1) (thickness 0.15)) (justify mirror))
    )
    (fp_text value 1_PIN (at 0 0.5) (layer B.Fab)
      (effects (font (size 1 1) (thickness 0.15)) (justify mirror))
    )
    (pad 1 smd rect (at 0 -1.966) (size 1.5 1) (layers B.Cu B.Paste B.Mask)
      (net 5 /Temp_A))
  )

  (module Mylib:1_pin_SMD_1.5mmx1.0mm (layer B.Cu) (tedit 5ED9084F) (tstamp 613F03E7)
    (at 109.94 70.42)
    (path /61479DA4)
    (fp_text reference J9 (at 0 -0.5) (layer B.SilkS) hide
      (effects (font (size 1 1) (thickness 0.15)) (justify mirror))
    )
    (fp_text value 1_PIN (at 0 0.5) (layer B.Fab)
      (effects (font (size 1 1) (thickness 0.15)) (justify mirror))
    )
    (pad 1 smd rect (at 0 -2.102) (size 1.5 1) (layers B.Cu B.Paste B.Mask)
      (net 9 /SPICS))
  )

  (module Mylib:1_pin_SMD_1.5mmx1.0mm (layer B.Cu) (tedit 5ED9084F) (tstamp 613F03E2)
    (at 109.94 74.59)
    (path /614798D1)
    (fp_text reference J8 (at 0 -0.5) (layer B.SilkS) hide
      (effects (font (size 1 1) (thickness 0.15)) (justify mirror))
    )
    (fp_text value 1_PIN (at 0 0.5) (layer B.Fab)
      (effects (font (size 1 1) (thickness 0.15)) (justify mirror))
    )
    (pad 1 smd rect (at 0 -2) (size 1.5 1) (layers B.Cu B.Paste B.Mask)
      (net 2 GND))
  )

  (module Mylib:1_pin_SMD_1.5mmx1.0mm (layer B.Cu) (tedit 5ED9084F) (tstamp 613F03DD)
    (at 109.94 67.47)
    (path /6147938C)
    (fp_text reference J7 (at 0 -0.5) (layer B.SilkS) hide
      (effects (font (size 1 1) (thickness 0.15)) (justify mirror))
    )
    (fp_text value 1_PIN (at 0 0.5) (layer B.Fab)
      (effects (font (size 1 1) (thickness 0.15)) (justify mirror))
    )
    (pad 1 smd rect (at 0 -2) (size 1.5 1) (layers B.Cu B.Paste B.Mask)
      (net 1 +3V3))
  )

  (module Mylib:M1.6_mounthole (layer F.Cu) (tedit 613E7617) (tstamp 613EFC6F)
    (at 117.7 72.7)
    (path /614553C9)
    (fp_text reference H3 (at 0 -2) (layer F.SilkS) hide
      (effects (font (size 1 1) (thickness 0.15)))
    )
    (fp_text value MountingHole (at 0 -0.5) (layer F.Fab)
      (effects (font (size 1 1) (thickness 0.15)))
    )
    (pad "" np_thru_hole circle (at 0 0) (size 1.8 1.8) (drill 1.8) (layers *.Cu *.Mask))
  )

  (module Mylib:M1.6_mounthole (layer F.Cu) (tedit 613E7617) (tstamp 613EFC6A)
    (at 117.7 55.3)
    (path /61454AD7)
    (fp_text reference H2 (at 0 -2) (layer F.SilkS) hide
      (effects (font (size 1 1) (thickness 0.15)))
    )
    (fp_text value MountingHole (at 0 -0.5) (layer F.Fab)
      (effects (font (size 1 1) (thickness 0.15)))
    )
    (pad "" np_thru_hole circle (at 0 0) (size 1.8 1.8) (drill 1.8) (layers *.Cu *.Mask))
  )

  (module Mylib:M1.6_mounthole (layer F.Cu) (tedit 613E7617) (tstamp 613EFDD5)
    (at 110.3 55.3)
    (path /61453F37)
    (fp_text reference H1 (at 0 -2) (layer F.SilkS) hide
      (effects (font (size 1 1) (thickness 0.15)))
    )
    (fp_text value MountingHole (at 0 -0.5) (layer F.Fab)
      (effects (font (size 1 1) (thickness 0.15)))
    )
    (pad "" np_thru_hole circle (at 0 0) (size 1.8 1.8) (drill 1.8) (layers *.Cu *.Mask))
  )

  (module Mylib:1_pin_SMD_1.5mmx1.0mm (layer F.Cu) (tedit 5ED9084F) (tstamp 613EE2DF)
    (at 109.94 69.27)
    (path /61430057)
    (fp_text reference J6 (at 0 0.5) (layer F.SilkS) hide
      (effects (font (size 1 1) (thickness 0.15)))
    )
    (fp_text value 1_PIN (at 0 -0.5) (layer F.Fab)
      (effects (font (size 1 1) (thickness 0.15)))
    )
    (pad 1 smd rect (at 0 1.896) (size 1.5 1) (layers F.Cu F.Paste F.Mask)
      (net 7 /MOSI))
  )

  (module Mylib:1_pin_SMD_1.5mmx1.0mm (layer F.Cu) (tedit 5ED9084F) (tstamp 613EE2DA)
    (at 109.94 67.9)
    (path /6142FB50)
    (fp_text reference J5 (at 0 0.5) (layer F.SilkS) hide
      (effects (font (size 1 1) (thickness 0.15)))
    )
    (fp_text value 1_PIN (at 0 -0.5) (layer F.Fab)
      (effects (font (size 1 1) (thickness 0.15)))
    )
    (pad 1 smd rect (at 0 1.842) (size 1.5 1) (layers F.Cu F.Paste F.Mask)
      (net 8 /SCLK))
  )

  (module Mylib:1_pin_SMD_1.5mmx1.0mm (layer F.Cu) (tedit 5ED9084F) (tstamp 613EE2D5)
    (at 109.94 64.894)
    (path /6142F7FE)
    (fp_text reference J4 (at 0 0.5) (layer F.SilkS) hide
      (effects (font (size 1 1) (thickness 0.15)))
    )
    (fp_text value 1_PIN (at 0 -0.5) (layer F.Fab)
      (effects (font (size 1 1) (thickness 0.15)))
    )
    (pad 1 smd rect (at 0 2) (size 1.5 1) (layers F.Cu F.Paste F.Mask)
      (net 5 /Temp_A))
  )

  (module Mylib:1_pin_SMD_1.5mmx1.0mm (layer F.Cu) (tedit 5ED9084F) (tstamp 613EE2D0)
    (at 109.94 66.37)
    (path /6142F1B2)
    (fp_text reference J3 (at 0 0.5) (layer F.SilkS) hide
      (effects (font (size 1 1) (thickness 0.15)))
    )
    (fp_text value 1_PIN (at 0 -0.5) (layer F.Fab)
      (effects (font (size 1 1) (thickness 0.15)))
    )
    (pad 1 smd rect (at 0 1.948) (size 1.5 1) (layers F.Cu F.Paste F.Mask)
      (net 9 /SPICS))
  )

  (module Mylib:1_pin_SMD_1.5mmx1.0mm (layer F.Cu) (tedit 5ED9084F) (tstamp 613EEF69)
    (at 109.94 70.59)
    (path /6142EDF0)
    (fp_text reference J2 (at 0 0.5) (layer F.SilkS) hide
      (effects (font (size 1 1) (thickness 0.15)))
    )
    (fp_text value 1_PIN (at 0 -0.5) (layer F.Fab)
      (effects (font (size 1 1) (thickness 0.15)))
    )
    (pad 1 smd rect (at 0 2) (size 1.5 1) (layers F.Cu F.Paste F.Mask)
      (net 2 GND))
  )

  (module Mylib:1_pin_SMD_1.5mmx1.0mm (layer F.Cu) (tedit 5ED9084F) (tstamp 613EE2C6)
    (at 109.94 63.47)
    (path /6142C508)
    (fp_text reference J1 (at 0 0.5) (layer F.SilkS) hide
      (effects (font (size 1 1) (thickness 0.15)))
    )
    (fp_text value 1_PIN (at 0 -0.5) (layer F.Fab)
      (effects (font (size 1 1) (thickness 0.15)))
    )
    (pad 1 smd rect (at 0 2) (size 1.5 1) (layers F.Cu F.Paste F.Mask)
      (net 1 +3V3))
  )

  (module Mylib:TO-46-4 (layer B.Cu) (tedit 613A3C52) (tstamp 613E6CD4)
    (at 114 64)
    (path /613AE4BF)
    (fp_text reference U1 (at 0.17536 4.14326) (layer B.SilkS) hide
      (effects (font (size 1.002 1.002) (thickness 0.15)) (justify mirror))
    )
    (fp_text value ZTP-135SR (at 1.44534 -3.86592) (layer B.Fab)
      (effects (font (size 1.000236 1.000236) (thickness 0.15)) (justify mirror))
    )
    (fp_circle (center 2.69407 2.69407) (end 2.79407 2.69407) (layer B.SilkS) (width 0.2))
    (fp_line (start 3.92868 -0.650537) (end 2.92883 -0.650537) (layer B.CrtYd) (width 0.05))
    (fp_line (start 3.97323 0.605984) (end 3.92868 -0.650537) (layer B.CrtYd) (width 0.05))
    (fp_line (start 2.92883 0.650537) (end 3.97323 0.605984) (layer B.CrtYd) (width 0.05))
    (fp_circle (center 0.898022 0.898022) (end 0.998022 0.898022) (layer B.Fab) (width 0.2))
    (fp_line (start 2.72094 0.400219) (end 3.72079 0.400222) (layer B.SilkS) (width 0.127))
    (fp_line (start 3.72079 -0.400222) (end 2.72094 -0.400219) (layer B.SilkS) (width 0.127))
    (fp_line (start 3.72079 0.400222) (end 3.72079 -0.400222) (layer B.SilkS) (width 0.127))
    (fp_circle (center 0 0) (end 2.75 0) (layer B.SilkS) (width 0.127))
    (fp_line (start 3.72079 -0.400222) (end 2.72094 -0.400219) (layer B.Fab) (width 0.127))
    (fp_line (start 3.72079 0.400222) (end 3.72079 -0.400222) (layer B.Fab) (width 0.127))
    (fp_line (start 2.72094 0.400219) (end 3.72079 0.400222) (layer B.Fab) (width 0.127))
    (fp_circle (center 0 0) (end 2.75 0) (layer B.Fab) (width 0.127))
    (fp_arc (start -0.03954 0.022133) (end 2.92883 -0.650537) (angle -32) (layer B.CrtYd) (width 0.05))
    (fp_arc (start -0.03954 -0.022133) (end 2.92883 0.650537) (angle 32) (layer B.CrtYd) (width 0.05))
    (fp_arc (start 0 0) (end 2.12132 -2.12132) (angle -90) (layer B.CrtYd) (width 0.05))
    (fp_arc (start 0 0) (end -2.12132 -2.12132) (angle -90) (layer B.CrtYd) (width 0.05))
    (fp_arc (start 0 0) (end -2.12132 2.12132) (angle -90) (layer B.CrtYd) (width 0.05))
    (pad 4 thru_hole circle (at 0.898022 -0.898022) (size 1.1 1.1) (drill 0.7) (layers *.Cu *.Mask)
      (net 4 /CMOUT))
    (pad 3 thru_hole circle (at -0.898022 -0.898022) (size 1.1 1.1) (drill 0.7) (layers *.Cu *.Mask)
      (net 12 /Thermistor))
    (pad 2 thru_hole circle (at -0.898022 0.898022) (size 1.1 1.1) (drill 0.7) (layers *.Cu *.Mask)
      (net 3 "Net-(C3-Pad2)"))
    (pad 1 thru_hole rect (at 0.898022 0.898022) (size 1.1 1.1) (drill 0.7) (layers *.Cu *.Mask)
      (net 2 GND))
    (model C:/DATA/Software/KiCAD/Libs/libs/Mylib/3D_model/ZTP-135SR.step
      (at (xyz 0 0 0))
      (scale (xyz 1 1 1))
      (rotate (xyz -90 0 180))
    )
  )

  (module SamacSys_Parts:SOP65P640X120-14N (layer F.Cu) (tedit 6139279A) (tstamp 613E6C6D)
    (at 113.99 59.48 180)
    (descr "PW (R-PDSO-G14)")
    (tags "Integrated Circuit")
    (path /613C2C2B)
    (attr smd)
    (fp_text reference IC1 (at 0 0) (layer F.SilkS) hide
      (effects (font (size 1.27 1.27) (thickness 0.254)))
    )
    (fp_text value LMP91051MTX_NOPB (at 0 0) (layer Dwgs.User) hide
      (effects (font (size 1.27 1.27) (thickness 0.254)))
    )
    (fp_line (start -3.925 -2.8) (end 3.925 -2.8) (layer Dwgs.User) (width 0.05))
    (fp_line (start 3.925 -2.8) (end 3.925 2.8) (layer Dwgs.User) (width 0.05))
    (fp_line (start 3.925 2.8) (end -3.925 2.8) (layer Dwgs.User) (width 0.05))
    (fp_line (start -3.925 2.8) (end -3.925 -2.8) (layer Dwgs.User) (width 0.05))
    (fp_line (start -2.2 -2.5) (end 2.2 -2.5) (layer Dwgs.User) (width 0.1))
    (fp_line (start 2.2 -2.5) (end 2.2 2.5) (layer Dwgs.User) (width 0.1))
    (fp_line (start 2.2 2.5) (end -2.2 2.5) (layer Dwgs.User) (width 0.1))
    (fp_line (start -2.2 2.5) (end -2.2 -2.5) (layer Dwgs.User) (width 0.1))
    (fp_line (start -2.2 -1.85) (end -1.55 -2.5) (layer Dwgs.User) (width 0.1))
    (fp_line (start -1.85 -2.5) (end 1.85 -2.5) (layer F.SilkS) (width 0.2))
    (fp_line (start 1.85 -2.5) (end 1.85 2.5) (layer F.SilkS) (width 0.2))
    (fp_line (start 1.85 2.5) (end -1.85 2.5) (layer F.SilkS) (width 0.2))
    (fp_line (start -1.85 2.5) (end -1.85 -2.5) (layer F.SilkS) (width 0.2))
    (fp_line (start -3.675 -2.525) (end -2.2 -2.525) (layer F.SilkS) (width 0.2))
    (pad 14 smd rect (at 2.938 -1.95 270) (size 0.45 1.475) (layers F.Cu F.Paste F.Mask)
      (net 1 +3V3))
    (pad 13 smd rect (at 2.938 -1.3 270) (size 0.45 1.475) (layers F.Cu F.Paste F.Mask)
      (net 1 +3V3))
    (pad 12 smd rect (at 2.938 -0.65 270) (size 0.45 1.475) (layers F.Cu F.Paste F.Mask)
      (net 7 /MOSI))
    (pad 11 smd rect (at 2.938 0 270) (size 0.45 1.475) (layers F.Cu F.Paste F.Mask)
      (net 8 /SCLK))
    (pad 10 smd rect (at 2.938 0.65 270) (size 0.45 1.475) (layers F.Cu F.Paste F.Mask)
      (net 9 /SPICS))
    (pad 9 smd rect (at 2.938 1.3 270) (size 0.45 1.475) (layers F.Cu F.Paste F.Mask)
      (net 10 "Net-(IC1-Pad9)"))
    (pad 8 smd rect (at 2.938 1.95 270) (size 0.45 1.475) (layers F.Cu F.Paste F.Mask))
    (pad 7 smd rect (at -2.938 1.95 270) (size 0.45 1.475) (layers F.Cu F.Paste F.Mask))
    (pad 6 smd rect (at -2.938 1.3 270) (size 0.45 1.475) (layers F.Cu F.Paste F.Mask)
      (net 2 GND))
    (pad 5 smd rect (at -2.938 0.65 270) (size 0.45 1.475) (layers F.Cu F.Paste F.Mask)
      (net 6 /A1))
    (pad 4 smd rect (at -2.938 0 270) (size 0.45 1.475) (layers F.Cu F.Paste F.Mask)
      (net 11 /A0))
    (pad 3 smd rect (at -2.938 -0.65 270) (size 0.45 1.475) (layers F.Cu F.Paste F.Mask)
      (net 4 /CMOUT))
    (pad 2 smd rect (at -2.938 -1.3 270) (size 0.45 1.475) (layers F.Cu F.Paste F.Mask))
    (pad 1 smd rect (at -2.938 -1.95 270) (size 0.45 1.475) (layers F.Cu F.Paste F.Mask)
      (net 3 "Net-(C3-Pad2)"))
    (model C:/DATA/Software/KiCAD/Libs/libs/Mylib/3D_model/LMP91051MTX_NOPB.STEP
      (at (xyz 0 0 0))
      (scale (xyz 1 1 1))
      (rotate (xyz -90 0 0))
    )
  )

  (module Capacitor_SMD:C_0402_1005Metric_Pad0.74x0.62mm_HandSolder (layer F.Cu) (tedit 5F6BB22C) (tstamp 613EDDF6)
    (at 110.5 64.26 180)
    (descr "Capacitor SMD 0402 (1005 Metric), square (rectangular) end terminal, IPC_7351 nominal with elongated pad for handsoldering. (Body size source: IPC-SM-782 page 76, https://www.pcb-3d.com/wordpress/wp-content/uploads/ipc-sm-782a_amendment_1_and_2.pdf), generated with kicad-footprint-generator")
    (tags "capacitor handsolder")
    (path /613D9E16)
    (attr smd)
    (fp_text reference C1 (at 0 -1.16) (layer F.SilkS) hide
      (effects (font (size 1 1) (thickness 0.15)))
    )
    (fp_text value 1uF (at 0 1.16) (layer F.Fab)
      (effects (font (size 1 1) (thickness 0.15)))
    )
    (fp_line (start -0.5 0.25) (end -0.5 -0.25) (layer F.Fab) (width 0.1))
    (fp_line (start -0.5 -0.25) (end 0.5 -0.25) (layer F.Fab) (width 0.1))
    (fp_line (start 0.5 -0.25) (end 0.5 0.25) (layer F.Fab) (width 0.1))
    (fp_line (start 0.5 0.25) (end -0.5 0.25) (layer F.Fab) (width 0.1))
    (fp_line (start -0.115835 -0.36) (end 0.115835 -0.36) (layer F.SilkS) (width 0.12))
    (fp_line (start -0.115835 0.36) (end 0.115835 0.36) (layer F.SilkS) (width 0.12))
    (fp_line (start -1.08 0.46) (end -1.08 -0.46) (layer F.CrtYd) (width 0.05))
    (fp_line (start -1.08 -0.46) (end 1.08 -0.46) (layer F.CrtYd) (width 0.05))
    (fp_line (start 1.08 -0.46) (end 1.08 0.46) (layer F.CrtYd) (width 0.05))
    (fp_line (start 1.08 0.46) (end -1.08 0.46) (layer F.CrtYd) (width 0.05))
    (fp_text user %R (at 0 0) (layer F.Fab)
      (effects (font (size 0.25 0.25) (thickness 0.04)))
    )
    (pad 1 smd roundrect (at -0.5675 0 180) (size 0.735 0.62) (layers F.Cu F.Paste F.Mask) (roundrect_rratio 0.25)
      (net 2 GND))
    (pad 2 smd roundrect (at 0.5675 0 180) (size 0.735 0.62) (layers F.Cu F.Paste F.Mask) (roundrect_rratio 0.25)
      (net 1 +3V3))
    (model ${KISYS3DMOD}/Capacitor_SMD.3dshapes/C_0402_1005Metric.wrl
      (at (xyz 0 0 0))
      (scale (xyz 1 1 1))
      (rotate (xyz 0 0 0))
    )
  )

  (module Capacitor_SMD:C_0402_1005Metric_Pad0.74x0.62mm_HandSolder (layer F.Cu) (tedit 5F6BB22C) (tstamp 613EDE07)
    (at 109.52 61.07 270)
    (descr "Capacitor SMD 0402 (1005 Metric), square (rectangular) end terminal, IPC_7351 nominal with elongated pad for handsoldering. (Body size source: IPC-SM-782 page 76, https://www.pcb-3d.com/wordpress/wp-content/uploads/ipc-sm-782a_amendment_1_and_2.pdf), generated with kicad-footprint-generator")
    (tags "capacitor handsolder")
    (path /613D7D04)
    (attr smd)
    (fp_text reference C2 (at 0 -1.16 90) (layer F.SilkS) hide
      (effects (font (size 1 1) (thickness 0.15)))
    )
    (fp_text value 0.01uF (at 0 1.16 90) (layer F.Fab)
      (effects (font (size 1 1) (thickness 0.15)))
    )
    (fp_line (start 1.08 0.46) (end -1.08 0.46) (layer F.CrtYd) (width 0.05))
    (fp_line (start 1.08 -0.46) (end 1.08 0.46) (layer F.CrtYd) (width 0.05))
    (fp_line (start -1.08 -0.46) (end 1.08 -0.46) (layer F.CrtYd) (width 0.05))
    (fp_line (start -1.08 0.46) (end -1.08 -0.46) (layer F.CrtYd) (width 0.05))
    (fp_line (start -0.115835 0.36) (end 0.115835 0.36) (layer F.SilkS) (width 0.12))
    (fp_line (start -0.115835 -0.36) (end 0.115835 -0.36) (layer F.SilkS) (width 0.12))
    (fp_line (start 0.5 0.25) (end -0.5 0.25) (layer F.Fab) (width 0.1))
    (fp_line (start 0.5 -0.25) (end 0.5 0.25) (layer F.Fab) (width 0.1))
    (fp_line (start -0.5 -0.25) (end 0.5 -0.25) (layer F.Fab) (width 0.1))
    (fp_line (start -0.5 0.25) (end -0.5 -0.25) (layer F.Fab) (width 0.1))
    (fp_text user %R (at 0 0 90) (layer F.Fab)
      (effects (font (size 0.25 0.25) (thickness 0.04)))
    )
    (pad 2 smd roundrect (at 0.5675 0 270) (size 0.735 0.62) (layers F.Cu F.Paste F.Mask) (roundrect_rratio 0.25)
      (net 1 +3V3))
    (pad 1 smd roundrect (at -0.5675 0 270) (size 0.735 0.62) (layers F.Cu F.Paste F.Mask) (roundrect_rratio 0.25)
      (net 2 GND))
    (model ${KISYS3DMOD}/Capacitor_SMD.3dshapes/C_0402_1005Metric.wrl
      (at (xyz 0 0 0))
      (scale (xyz 1 1 1))
      (rotate (xyz 0 0 0))
    )
  )

  (module Capacitor_SMD:C_0402_1005Metric_Pad0.74x0.62mm_HandSolder (layer F.Cu) (tedit 5F6BB22C) (tstamp 613EDE18)
    (at 118.48 60.86 270)
    (descr "Capacitor SMD 0402 (1005 Metric), square (rectangular) end terminal, IPC_7351 nominal with elongated pad for handsoldering. (Body size source: IPC-SM-782 page 76, https://www.pcb-3d.com/wordpress/wp-content/uploads/ipc-sm-782a_amendment_1_and_2.pdf), generated with kicad-footprint-generator")
    (tags "capacitor handsolder")
    (path /613B3308)
    (attr smd)
    (fp_text reference C3 (at 0 -1.16 90) (layer F.SilkS) hide
      (effects (font (size 1 1) (thickness 0.15)))
    )
    (fp_text value 0.01uF (at 0 1.16 90) (layer F.Fab)
      (effects (font (size 1 1) (thickness 0.15)))
    )
    (fp_line (start -0.5 0.25) (end -0.5 -0.25) (layer F.Fab) (width 0.1))
    (fp_line (start -0.5 -0.25) (end 0.5 -0.25) (layer F.Fab) (width 0.1))
    (fp_line (start 0.5 -0.25) (end 0.5 0.25) (layer F.Fab) (width 0.1))
    (fp_line (start 0.5 0.25) (end -0.5 0.25) (layer F.Fab) (width 0.1))
    (fp_line (start -0.115835 -0.36) (end 0.115835 -0.36) (layer F.SilkS) (width 0.12))
    (fp_line (start -0.115835 0.36) (end 0.115835 0.36) (layer F.SilkS) (width 0.12))
    (fp_line (start -1.08 0.46) (end -1.08 -0.46) (layer F.CrtYd) (width 0.05))
    (fp_line (start -1.08 -0.46) (end 1.08 -0.46) (layer F.CrtYd) (width 0.05))
    (fp_line (start 1.08 -0.46) (end 1.08 0.46) (layer F.CrtYd) (width 0.05))
    (fp_line (start 1.08 0.46) (end -1.08 0.46) (layer F.CrtYd) (width 0.05))
    (fp_text user %R (at 0 0 90) (layer F.Fab)
      (effects (font (size 0.25 0.25) (thickness 0.04)))
    )
    (pad 1 smd roundrect (at -0.5675 0 270) (size 0.735 0.62) (layers F.Cu F.Paste F.Mask) (roundrect_rratio 0.25)
      (net 4 /CMOUT))
    (pad 2 smd roundrect (at 0.5675 0 270) (size 0.735 0.62) (layers F.Cu F.Paste F.Mask) (roundrect_rratio 0.25)
      (net 3 "Net-(C3-Pad2)"))
    (model ${KISYS3DMOD}/Capacitor_SMD.3dshapes/C_0402_1005Metric.wrl
      (at (xyz 0 0 0))
      (scale (xyz 1 1 1))
      (rotate (xyz 0 0 0))
    )
  )

  (module Capacitor_SMD:C_0402_1005Metric_Pad0.74x0.62mm_HandSolder (layer F.Cu) (tedit 5F6BB22C) (tstamp 613EDE29)
    (at 118.48 58.59 270)
    (descr "Capacitor SMD 0402 (1005 Metric), square (rectangular) end terminal, IPC_7351 nominal with elongated pad for handsoldering. (Body size source: IPC-SM-782 page 76, https://www.pcb-3d.com/wordpress/wp-content/uploads/ipc-sm-782a_amendment_1_and_2.pdf), generated with kicad-footprint-generator")
    (tags "capacitor handsolder")
    (path /613BBBBF)
    (attr smd)
    (fp_text reference C4 (at 0 -1.16 90) (layer F.SilkS) hide
      (effects (font (size 1 1) (thickness 0.15)))
    )
    (fp_text value 0.01uF (at 0 1.16 90) (layer F.Fab)
      (effects (font (size 1 1) (thickness 0.15)))
    )
    (fp_line (start 1.08 0.46) (end -1.08 0.46) (layer F.CrtYd) (width 0.05))
    (fp_line (start 1.08 -0.46) (end 1.08 0.46) (layer F.CrtYd) (width 0.05))
    (fp_line (start -1.08 -0.46) (end 1.08 -0.46) (layer F.CrtYd) (width 0.05))
    (fp_line (start -1.08 0.46) (end -1.08 -0.46) (layer F.CrtYd) (width 0.05))
    (fp_line (start -0.115835 0.36) (end 0.115835 0.36) (layer F.SilkS) (width 0.12))
    (fp_line (start -0.115835 -0.36) (end 0.115835 -0.36) (layer F.SilkS) (width 0.12))
    (fp_line (start 0.5 0.25) (end -0.5 0.25) (layer F.Fab) (width 0.1))
    (fp_line (start 0.5 -0.25) (end 0.5 0.25) (layer F.Fab) (width 0.1))
    (fp_line (start -0.5 -0.25) (end 0.5 -0.25) (layer F.Fab) (width 0.1))
    (fp_line (start -0.5 0.25) (end -0.5 -0.25) (layer F.Fab) (width 0.1))
    (fp_text user %R (at 0 0 90) (layer F.Fab)
      (effects (font (size 0.25 0.25) (thickness 0.04)))
    )
    (pad 2 smd roundrect (at 0.5675 0 270) (size 0.735 0.62) (layers F.Cu F.Paste F.Mask) (roundrect_rratio 0.25)
      (net 4 /CMOUT))
    (pad 1 smd roundrect (at -0.5675 0 270) (size 0.735 0.62) (layers F.Cu F.Paste F.Mask) (roundrect_rratio 0.25)
      (net 2 GND))
    (model ${KISYS3DMOD}/Capacitor_SMD.3dshapes/C_0402_1005Metric.wrl
      (at (xyz 0 0 0))
      (scale (xyz 1 1 1))
      (rotate (xyz 0 0 0))
    )
  )

  (module Capacitor_SMD:C_0402_1005Metric_Pad0.74x0.62mm_HandSolder (layer F.Cu) (tedit 5F6BB22C) (tstamp 613EDE3A)
    (at 113.32 66.9)
    (descr "Capacitor SMD 0402 (1005 Metric), square (rectangular) end terminal, IPC_7351 nominal with elongated pad for handsoldering. (Body size source: IPC-SM-782 page 76, https://www.pcb-3d.com/wordpress/wp-content/uploads/ipc-sm-782a_amendment_1_and_2.pdf), generated with kicad-footprint-generator")
    (tags "capacitor handsolder")
    (path /613C18B2)
    (attr smd)
    (fp_text reference C5 (at 0 -1.16) (layer F.SilkS) hide
      (effects (font (size 1 1) (thickness 0.15)))
    )
    (fp_text value 1uF (at 0 1.16) (layer F.Fab)
      (effects (font (size 1 1) (thickness 0.15)))
    )
    (fp_line (start -0.5 0.25) (end -0.5 -0.25) (layer F.Fab) (width 0.1))
    (fp_line (start -0.5 -0.25) (end 0.5 -0.25) (layer F.Fab) (width 0.1))
    (fp_line (start 0.5 -0.25) (end 0.5 0.25) (layer F.Fab) (width 0.1))
    (fp_line (start 0.5 0.25) (end -0.5 0.25) (layer F.Fab) (width 0.1))
    (fp_line (start -0.115835 -0.36) (end 0.115835 -0.36) (layer F.SilkS) (width 0.12))
    (fp_line (start -0.115835 0.36) (end 0.115835 0.36) (layer F.SilkS) (width 0.12))
    (fp_line (start -1.08 0.46) (end -1.08 -0.46) (layer F.CrtYd) (width 0.05))
    (fp_line (start -1.08 -0.46) (end 1.08 -0.46) (layer F.CrtYd) (width 0.05))
    (fp_line (start 1.08 -0.46) (end 1.08 0.46) (layer F.CrtYd) (width 0.05))
    (fp_line (start 1.08 0.46) (end -1.08 0.46) (layer F.CrtYd) (width 0.05))
    (fp_text user %R (at 0 0) (layer F.Fab)
      (effects (font (size 0.25 0.25) (thickness 0.04)))
    )
    (pad 1 smd roundrect (at -0.5675 0) (size 0.735 0.62) (layers F.Cu F.Paste F.Mask) (roundrect_rratio 0.25)
      (net 5 /Temp_A))
    (pad 2 smd roundrect (at 0.5675 0) (size 0.735 0.62) (layers F.Cu F.Paste F.Mask) (roundrect_rratio 0.25)
      (net 2 GND))
    (model ${KISYS3DMOD}/Capacitor_SMD.3dshapes/C_0402_1005Metric.wrl
      (at (xyz 0 0 0))
      (scale (xyz 1 1 1))
      (rotate (xyz 0 0 0))
    )
  )

  (module Capacitor_SMD:C_0402_1005Metric_Pad0.74x0.62mm_HandSolder (layer B.Cu) (tedit 5F6BB22C) (tstamp 613EDE4B)
    (at 115.07 59.56 270)
    (descr "Capacitor SMD 0402 (1005 Metric), square (rectangular) end terminal, IPC_7351 nominal with elongated pad for handsoldering. (Body size source: IPC-SM-782 page 76, https://www.pcb-3d.com/wordpress/wp-content/uploads/ipc-sm-782a_amendment_1_and_2.pdf), generated with kicad-footprint-generator")
    (tags "capacitor handsolder")
    (path /613E9715)
    (attr smd)
    (fp_text reference C6 (at 0 1.16 270) (layer B.SilkS) hide
      (effects (font (size 1 1) (thickness 0.15)) (justify mirror))
    )
    (fp_text value 6800pF (at 0 -1.16 270) (layer B.Fab)
      (effects (font (size 1 1) (thickness 0.15)) (justify mirror))
    )
    (fp_line (start 1.08 -0.46) (end -1.08 -0.46) (layer B.CrtYd) (width 0.05))
    (fp_line (start 1.08 0.46) (end 1.08 -0.46) (layer B.CrtYd) (width 0.05))
    (fp_line (start -1.08 0.46) (end 1.08 0.46) (layer B.CrtYd) (width 0.05))
    (fp_line (start -1.08 -0.46) (end -1.08 0.46) (layer B.CrtYd) (width 0.05))
    (fp_line (start -0.115835 -0.36) (end 0.115835 -0.36) (layer B.SilkS) (width 0.12))
    (fp_line (start -0.115835 0.36) (end 0.115835 0.36) (layer B.SilkS) (width 0.12))
    (fp_line (start 0.5 -0.25) (end -0.5 -0.25) (layer B.Fab) (width 0.1))
    (fp_line (start 0.5 0.25) (end 0.5 -0.25) (layer B.Fab) (width 0.1))
    (fp_line (start -0.5 0.25) (end 0.5 0.25) (layer B.Fab) (width 0.1))
    (fp_line (start -0.5 -0.25) (end -0.5 0.25) (layer B.Fab) (width 0.1))
    (fp_text user %R (at 0 0 270) (layer B.Fab)
      (effects (font (size 0.25 0.25) (thickness 0.04)) (justify mirror))
    )
    (pad 2 smd roundrect (at 0.5675 0 270) (size 0.735 0.62) (layers B.Cu B.Paste B.Mask) (roundrect_rratio 0.25)
      (net 4 /CMOUT))
    (pad 1 smd roundrect (at -0.5675 0 270) (size 0.735 0.62) (layers B.Cu B.Paste B.Mask) (roundrect_rratio 0.25)
      (net 6 /A1))
    (model ${KISYS3DMOD}/Capacitor_SMD.3dshapes/C_0402_1005Metric.wrl
      (at (xyz 0 0 0))
      (scale (xyz 1 1 1))
      (rotate (xyz 0 0 0))
    )
  )

  (module Resistor_SMD:R_0402_1005Metric_Pad0.72x0.64mm_HandSolder (layer F.Cu) (tedit 5F6BB9E0) (tstamp 613EDE7A)
    (at 110.98 63.1)
    (descr "Resistor SMD 0402 (1005 Metric), square (rectangular) end terminal, IPC_7351 nominal with elongated pad for handsoldering. (Body size source: IPC-SM-782 page 72, https://www.pcb-3d.com/wordpress/wp-content/uploads/ipc-sm-782a_amendment_1_and_2.pdf), generated with kicad-footprint-generator")
    (tags "resistor handsolder")
    (path /613A1A47)
    (attr smd)
    (fp_text reference R1 (at 0 -1.17) (layer F.SilkS) hide
      (effects (font (size 1 1) (thickness 0.15)))
    )
    (fp_text value 100k (at 0 1.17) (layer F.Fab)
      (effects (font (size 1 1) (thickness 0.15)))
    )
    (fp_line (start 1.1 0.47) (end -1.1 0.47) (layer F.CrtYd) (width 0.05))
    (fp_line (start 1.1 -0.47) (end 1.1 0.47) (layer F.CrtYd) (width 0.05))
    (fp_line (start -1.1 -0.47) (end 1.1 -0.47) (layer F.CrtYd) (width 0.05))
    (fp_line (start -1.1 0.47) (end -1.1 -0.47) (layer F.CrtYd) (width 0.05))
    (fp_line (start -0.167621 0.38) (end 0.167621 0.38) (layer F.SilkS) (width 0.12))
    (fp_line (start -0.167621 -0.38) (end 0.167621 -0.38) (layer F.SilkS) (width 0.12))
    (fp_line (start 0.525 0.27) (end -0.525 0.27) (layer F.Fab) (width 0.1))
    (fp_line (start 0.525 -0.27) (end 0.525 0.27) (layer F.Fab) (width 0.1))
    (fp_line (start -0.525 -0.27) (end 0.525 -0.27) (layer F.Fab) (width 0.1))
    (fp_line (start -0.525 0.27) (end -0.525 -0.27) (layer F.Fab) (width 0.1))
    (fp_text user %R (at 0 0) (layer F.Fab)
      (effects (font (size 0.26 0.26) (thickness 0.04)))
    )
    (pad 2 smd roundrect (at 0.5975 0) (size 0.715 0.64) (layers F.Cu F.Paste F.Mask) (roundrect_rratio 0.25)
      (net 12 /Thermistor))
    (pad 1 smd roundrect (at -0.5975 0) (size 0.715 0.64) (layers F.Cu F.Paste F.Mask) (roundrect_rratio 0.25)
      (net 1 +3V3))
    (model ${KISYS3DMOD}/Resistor_SMD.3dshapes/R_0402_1005Metric.wrl
      (at (xyz 0 0 0))
      (scale (xyz 1 1 1))
      (rotate (xyz 0 0 0))
    )
  )

  (module Resistor_SMD:R_0402_1005Metric_Pad0.72x0.64mm_HandSolder (layer F.Cu) (tedit 5F6BB9E0) (tstamp 613EDE8B)
    (at 111.68 66.3 90)
    (descr "Resistor SMD 0402 (1005 Metric), square (rectangular) end terminal, IPC_7351 nominal with elongated pad for handsoldering. (Body size source: IPC-SM-782 page 72, https://www.pcb-3d.com/wordpress/wp-content/uploads/ipc-sm-782a_amendment_1_and_2.pdf), generated with kicad-footprint-generator")
    (tags "resistor handsolder")
    (path /613C0C15)
    (attr smd)
    (fp_text reference R2 (at 0 -1.17 270) (layer F.SilkS) hide
      (effects (font (size 1 1) (thickness 0.15)))
    )
    (fp_text value 160k (at 0 1.17 270) (layer F.Fab)
      (effects (font (size 1 1) (thickness 0.15)))
    )
    (fp_line (start -0.525 0.27) (end -0.525 -0.27) (layer F.Fab) (width 0.1))
    (fp_line (start -0.525 -0.27) (end 0.525 -0.27) (layer F.Fab) (width 0.1))
    (fp_line (start 0.525 -0.27) (end 0.525 0.27) (layer F.Fab) (width 0.1))
    (fp_line (start 0.525 0.27) (end -0.525 0.27) (layer F.Fab) (width 0.1))
    (fp_line (start -0.167621 -0.38) (end 0.167621 -0.38) (layer F.SilkS) (width 0.12))
    (fp_line (start -0.167621 0.38) (end 0.167621 0.38) (layer F.SilkS) (width 0.12))
    (fp_line (start -1.1 0.47) (end -1.1 -0.47) (layer F.CrtYd) (width 0.05))
    (fp_line (start -1.1 -0.47) (end 1.1 -0.47) (layer F.CrtYd) (width 0.05))
    (fp_line (start 1.1 -0.47) (end 1.1 0.47) (layer F.CrtYd) (width 0.05))
    (fp_line (start 1.1 0.47) (end -1.1 0.47) (layer F.CrtYd) (width 0.05))
    (fp_text user %R (at 0 0 270) (layer F.Fab)
      (effects (font (size 0.26 0.26) (thickness 0.04)))
    )
    (pad 1 smd roundrect (at -0.5975 0 90) (size 0.715 0.64) (layers F.Cu F.Paste F.Mask) (roundrect_rratio 0.25)
      (net 5 /Temp_A))
    (pad 2 smd roundrect (at 0.5975 0 90) (size 0.715 0.64) (layers F.Cu F.Paste F.Mask) (roundrect_rratio 0.25)
      (net 10 "Net-(IC1-Pad9)"))
    (model ${KISYS3DMOD}/Resistor_SMD.3dshapes/R_0402_1005Metric.wrl
      (at (xyz 0 0 0))
      (scale (xyz 1 1 1))
      (rotate (xyz 0 0 0))
    )
  )

  (module Resistor_SMD:R_0402_1005Metric_Pad0.72x0.64mm_HandSolder (layer B.Cu) (tedit 5F6BB9E0) (tstamp 613EDE9C)
    (at 113.64 59.58 270)
    (descr "Resistor SMD 0402 (1005 Metric), square (rectangular) end terminal, IPC_7351 nominal with elongated pad for handsoldering. (Body size source: IPC-SM-782 page 72, https://www.pcb-3d.com/wordpress/wp-content/uploads/ipc-sm-782a_amendment_1_and_2.pdf), generated with kicad-footprint-generator")
    (tags "resistor handsolder")
    (path /613EC6F5)
    (attr smd)
    (fp_text reference R3 (at 0 1.17 90) (layer B.SilkS) hide
      (effects (font (size 1 1) (thickness 0.15)) (justify mirror))
    )
    (fp_text value 160k (at 0 -1.17 90) (layer B.Fab)
      (effects (font (size 1 1) (thickness 0.15)) (justify mirror))
    )
    (fp_line (start -0.525 -0.27) (end -0.525 0.27) (layer B.Fab) (width 0.1))
    (fp_line (start -0.525 0.27) (end 0.525 0.27) (layer B.Fab) (width 0.1))
    (fp_line (start 0.525 0.27) (end 0.525 -0.27) (layer B.Fab) (width 0.1))
    (fp_line (start 0.525 -0.27) (end -0.525 -0.27) (layer B.Fab) (width 0.1))
    (fp_line (start -0.167621 0.38) (end 0.167621 0.38) (layer B.SilkS) (width 0.12))
    (fp_line (start -0.167621 -0.38) (end 0.167621 -0.38) (layer B.SilkS) (width 0.12))
    (fp_line (start -1.1 -0.47) (end -1.1 0.47) (layer B.CrtYd) (width 0.05))
    (fp_line (start -1.1 0.47) (end 1.1 0.47) (layer B.CrtYd) (width 0.05))
    (fp_line (start 1.1 0.47) (end 1.1 -0.47) (layer B.CrtYd) (width 0.05))
    (fp_line (start 1.1 -0.47) (end -1.1 -0.47) (layer B.CrtYd) (width 0.05))
    (fp_text user %R (at 0 0 90) (layer B.Fab)
      (effects (font (size 0.26 0.26) (thickness 0.04)) (justify mirror))
    )
    (pad 1 smd roundrect (at -0.5975 0 270) (size 0.715 0.64) (layers B.Cu B.Paste B.Mask) (roundrect_rratio 0.25)
      (net 6 /A1))
    (pad 2 smd roundrect (at 0.5975 0 270) (size 0.715 0.64) (layers B.Cu B.Paste B.Mask) (roundrect_rratio 0.25)
      (net 11 /A0))
    (model ${KISYS3DMOD}/Resistor_SMD.3dshapes/R_0402_1005Metric.wrl
      (at (xyz 0 0 0))
      (scale (xyz 1 1 1))
      (rotate (xyz 0 0 0))
    )
  )

  (gr_line (start 116.5 55) (end 111.5 55) (layer Dwgs.User) (width 0.15) (tstamp 613E6932))
  (gr_line (start 116.5 56.5) (end 116.5 55) (layer Dwgs.User) (width 0.15))
  (gr_line (start 118 56.5) (end 116.5 56.5) (layer Dwgs.User) (width 0.15))
  (gr_line (start 118 71.5) (end 118 56.5) (layer Dwgs.User) (width 0.15))
  (gr_line (start 116.5 71.5) (end 118 71.5) (layer Dwgs.User) (width 0.15))
  (gr_line (start 116.5 73) (end 116.5 71.5) (layer Dwgs.User) (width 0.15))
  (gr_line (start 111.5 73) (end 116.5 73) (layer Dwgs.User) (width 0.15))
  (gr_line (start 111.5 71.5) (end 111.5 73) (layer Dwgs.User) (width 0.15))
  (gr_line (start 110 71.5) (end 111.5 71.5) (layer Dwgs.User) (width 0.15))
  (gr_line (start 110 56.5) (end 110 71.5) (layer Dwgs.User) (width 0.15))
  (gr_line (start 111.5 56.5) (end 110 56.5) (layer Dwgs.User) (width 0.15))
  (gr_line (start 111.5 55) (end 111.5 56.5) (layer Dwgs.User) (width 0.15))
  (gr_line (start 109 74) (end 109 54) (layer Edge.Cuts) (width 0.05) (tstamp 613E687D))
  (gr_line (start 119 74) (end 109 74) (layer Edge.Cuts) (width 0.05))
  (gr_line (start 119 54) (end 119 74) (layer Edge.Cuts) (width 0.05))
  (gr_line (start 109 54) (end 119 54) (layer Edge.Cuts) (width 0.05))

  (segment (start 109.9325 65.4625) (end 109.94 65.47) (width 0.254) (layer F.Cu) (net 1))
  (segment (start 109.9325 64.26) (end 109.9325 65.4625) (width 0.254) (layer F.Cu) (net 1))
  (segment (start 109.9325 63.55) (end 110.3825 63.1) (width 0.254) (layer F.Cu) (net 1))
  (segment (start 109.9325 64.26) (end 109.9325 63.55) (width 0.254) (layer F.Cu) (net 1))
  (segment (start 109.52 62.2375) (end 110.3825 63.1) (width 0.254) (layer F.Cu) (net 1))
  (segment (start 109.52 61.6375) (end 109.52 62.2375) (width 0.254) (layer F.Cu) (net 1))
  (segment (start 110.8445 61.6375) (end 111.052 61.43) (width 0.254) (layer F.Cu) (net 1))
  (segment (start 109.52 61.6375) (end 110.8445 61.6375) (width 0.254) (layer F.Cu) (net 1))
  (segment (start 111.052 60.78) (end 111.052 61.43) (width 0.254) (layer F.Cu) (net 1))
  (segment (start 109.94 65.47) (end 109.94 65.47) (width 0.254) (layer F.Cu) (net 1) (tstamp 613F0620))
  (via (at 109.94 65.47) (size 0.635) (drill 0.3302) (layers F.Cu B.Cu) (net 1))
  (segment (start 118.3225 58.18) (end 118.48 58.0225) (width 0.1524) (layer F.Cu) (net 2))
  (segment (start 116.928 58.18) (end 118.3225 58.18) (width 0.1524) (layer F.Cu) (net 2))
  (via (at 116.06 62.48) (size 0.508) (drill 0.3048) (layers F.Cu B.Cu) (net 2))
  (via (at 114.4 61) (size 0.508) (drill 0.3048) (layers F.Cu B.Cu) (net 2))
  (via (at 112.74 55.82) (size 0.508) (drill 0.3048) (layers F.Cu B.Cu) (net 2))
  (via (at 115.26 55.87) (size 0.508) (drill 0.3048) (layers F.Cu B.Cu) (net 2))
  (via (at 114.26 57.68) (size 0.508) (drill 0.3048) (layers F.Cu B.Cu) (net 2))
  (via (at 114.08 68.46) (size 0.508) (drill 0.3048) (layers F.Cu B.Cu) (net 2))
  (via (at 116.85 68.42) (size 0.508) (drill 0.3048) (layers F.Cu B.Cu) (net 2))
  (via (at 113.8 65.88) (size 0.508) (drill 0.3048) (layers F.Cu B.Cu) (net 2))
  (via (at 117.33 65.24) (size 0.508) (drill 0.3048) (layers F.Cu B.Cu) (net 2))
  (via (at 112.53 72.18) (size 0.508) (drill 0.3048) (layers F.Cu B.Cu) (net 2))
  (via (at 115.29 72.04) (size 0.508) (drill 0.3048) (layers F.Cu B.Cu) (net 2))
  (via (at 115.12 70.09) (size 0.508) (drill 0.3048) (layers F.Cu B.Cu) (net 2))
  (via (at 109.54 63.09) (size 0.508) (drill 0.3048) (layers F.Cu B.Cu) (net 2))
  (via (at 110.42 62.22) (size 0.508) (drill 0.3048) (layers F.Cu B.Cu) (net 2))
  (via (at 109.66 57.14) (size 0.508) (drill 0.3048) (layers F.Cu B.Cu) (net 2))
  (via (at 109.67 59.04) (size 0.508) (drill 0.3048) (layers F.Cu B.Cu) (net 2))
  (via (at 111.3 70.47) (size 0.508) (drill 0.3048) (layers F.Cu B.Cu) (net 2))
  (via (at 112.16 69.93) (size 0.508) (drill 0.3048) (layers F.Cu B.Cu) (net 2))
  (via (at 111.22 68.97) (size 0.508) (drill 0.3048) (layers F.Cu B.Cu) (net 2))
  (via (at 111.24 67.7) (size 0.508) (drill 0.3048) (layers F.Cu B.Cu) (net 2))
  (via (at 118.27 62.58) (size 0.508) (drill 0.3048) (layers F.Cu B.Cu) (net 2))
  (segment (start 116.9305 61.4275) (end 116.928 61.43) (width 0.1524) (layer F.Cu) (net 3))
  (segment (start 118.48 61.4275) (end 116.9305 61.4275) (width 0.1524) (layer F.Cu) (net 3))
  (segment (start 113.101978 64.898022) (end 114.05 63.95) (width 0.1524) (layer F.Cu) (net 3))
  (segment (start 114.05 63.95) (end 115.97 63.95) (width 0.1524) (layer F.Cu) (net 3))
  (segment (start 116.928 62.992) (end 116.928 61.43) (width 0.1524) (layer F.Cu) (net 3))
  (segment (start 115.97 63.95) (end 116.928 62.992) (width 0.1524) (layer F.Cu) (net 3))
  (segment (start 118.48 59.1575) (end 118.48 60.2925) (width 0.1524) (layer F.Cu) (net 4))
